00001
00002
00003
00004
00005
00006
00007
00008
00009
00010
00011
00012
00014
00015
00016
00017
00018
00019
00020
00021
00022
00023
00024
00025
00026
00027
00028
00029
00030
00031
00032
00033
00034
00035
00036
00037
00038
00039
00040
00041
00042
00043
00045
00046
00047
00048
00050
00051
00052
00053
00055
00056
00057
00058
00059
00060
00061
00062
00063
00064
00065
00066
00067
00068
00069
00070
00071
00072
00073
00075
00076
00077
00078
00079
00080
00081
00082
00083
00084
00085
00086
00087
00088
00089
00090
00091
00092
00093
00094
00095
00096
00097
00098
00099
00100
00101
00102
00103
00104
00105
00106
00107
00108
00109
00110
00111
00112
00113
00114
00115
00116
00117
00118
00119
00120
00121
00122
00123
00124
00125
00126
00127
00128
00129
00130
00131
00132
00133
00135
00136
00137
00138
00139
00141
00142
00143
00144
00145
00146
00147
00148
00149
00150
00151
00152
00153
00154
00155
00156
00157
00158
00159
00160
00161
00162
00163
00164
00165
00166
00167
00168
00169
00171
00172
00173
00174
00175
00176
00177
00178
00179
00180
00181
00182
00183
00184
00185
00186
00187
00188
00189
00190
00191
00193
00194
00195
00196
00197
00198
00199
00200
00201
00202
00204
00205
00206
00207
00208
00209
00210
00211
00212
00213
00214
00215
00216
00217
00218
00219
00220
00221
00222
00223
00224
00225
00226
00227
00228
00229
00230
00231
00232
00233
00234
00235
00236
00237
00238
00239
00240
00241
00242
00243
00244
00245
00246
00247
00248
00250
00251
00252
00253
00254
00255
00256
00257
00258
00259
00260
00261
00262
00263
00264
00265
00266
00267
00268
00269
00270
00271
00272
00273
00274
00275
00276
00277
00278
00279
00280
00281
00282
00285
00286
00287
00288
00289
00290
00291
00292
00293
00294
00295
00296
00297
00298
00299
00300
00303
00305
00306
00307
00308
00309
00310
00311
00312
00313
00315
00316
00317
00318
00320
00321
00322
00323
00326
00327
00328
00329
00330
00331
00332
00333
00334
00335
00336
00337
00338
00339
00340
00341
00342
00343
00345
00346
00347
00348
00351
00352
00353
00354
00355
00356
00357
00358
00359
00360
00361
00362
00363
00364
00365
00366
00367
00369
00370
00371
00372
00373
00374
00375
00376
00377
00378
00379
00380
00381
00383
00384
00385
00386
00387
00388
00389
00390
00391
00392
00393
00395
00396
00397
00398
00399
00400
00401
00402
00403
00404
00405
00406
00408
00410
00411
00412
00413
00416
00417
00418
00419
00420
00422
00423
00425
00426
00428
00430
00431
00432
00433
00434
00435
00436
00438
00439
00440
00442
00444
00445
00449
00450
00451
00455
00456
00458
00459
00460
00462
00464
00465
00467
00468
00469
00471
00472
00474
00475
00476
00479
00480
00482
00483
00484
00485
00486
00487
00488
00489
00491
00493
00494
00495
00496
00497
00498
00499
00500
00503
00505
00506
00508
00509
00510
00511
00512
00513
00515
00517
00518
00519
00520
00521
00522
00524
00525
00526
00527
00528
00529
00530
00531
00532
00533
00535
00536
00538
00539
00540
00542
00543
00544
00546
00547
00548
00550
00551
00552
00553
00554
00555
00556
00557
00558
00559
00560
00563
00564
00565
00566
00567
00568
00569
00570
00571
00572
00573
00574
00575
00576
00577
00578
00579
00580
00581
00582
00583
00585
00586
00587
00588
00590
00591
00592
00593
00595
00596
00598
00599
00600
00601
00602
00603
00604
00605
00606
00607
00608
00609
00610
00611
00612
00613
00616
00617
00618
00619
00620
00621
00622
00623
00625
00626
00627
00628
00629
00630
00631
00632
00633
00635
00636
00637
00638
00639
00640
00641
00643
00645
00646
00647
00648
00650
00651
00653
00655
00656
00657
00658
00659
00660
00661
00662
00663
00665
00666
00668
00669
00670
00672
00673
00674
00675
00676
00677
00678
00679
00680
00681
00682
00683
00684
00685
00686
00687
00688
00689
00690
00691
00692
00693
00694
00695
00696
00697
00698
00699
00700
00701
00702
00703
00704
00705
00706
00707
00708
00709
00710
00711
00712
00713
00715
00716
00717
00718
00719
00720
00721
00722
00723
00724
00725
00726
00727
00728
00729
00730
00731
00732
00733
00735
00736
00737
00738
00743
00745
00746
00747
00750
00751
00752
00753
00754
00755
00756
00757
00758
00759
00760
00762
00763
00764
00765
00766
00767
00768
00769
00770
00771
00772
00775
00776
00777
00778
00780
00784
00787
00788
00789
00794
00797
00798
00799
00800
00801
00802
00803
00804
00806
00807
00808
00809
00810
00811
00812
00813
00814
00815
00816
00817
00818
00819
00820
00821
00822
00823
00825
00826
00827
00828
00829
00830
00831
00832
00833
00834
00835
00836
00837
00838
00839
00840
00841
00842
00844
00845
00846
00848
00850
00851
00852
00853
00854
00855
00856
00857
00858
00859
00860
00861
00862
00863
00864
00865
00866
00867
00868
00869
00871
00872
00874
00875
00876
00877
00878
00880
00881
00882
00883
00884
00885
00886
00887
00888
00889
00891
00893
00894
00895
00896
00897
00898
00899
00900
00901
00902
00903
00904
00905
00906
00907
00908
00910
00911
00912
00913
00914
00915
00916
00918
00919
00921
00922
00923
00925
00926
00927
00928
00929
00931
00932
00933
00934
00935
00936
00938
00939
00940
00941
00943
00945
00947
00948
00950
00951
00952
00953
00954
00956
00958
00959
00960
00966
00967
00968
00969
00970
00973
00974
00975
00976
00978
00979
00980
00981
00982
00983
00984
00985
00986
00987
00988
00989
00990
00991
00992
00993
00994
00995
00996
00997
00998
00999
01000
01001
01002
01003
01004
01005
01006
01007
01008
01009
01010
01011
01013
01019
01020
01021
01022
01023
01025
01026
01027
01028
01029
01030
01031
01033
01034
01035
01036
01037
01038
01039
01041
01043
01044
01045
01046
01047
01048
01049
01050
01051
01052
01053
01055
01057
01058
01059
01060
01061
01062
01063
01064
01065
01066
01068
01069
01070
01071
01072
01073
01075
01076
01079
01080
01082
01083
01085
01086
01087
01088
01089
01090
01091
01093
01094
01096
01097
01098
01099
01100
01101
01102
01103
01104
01105
01106
01107
01108
01109
01110
01111
01112
01113
01114
01115
01116
01117
01118
01119
01120
01121
01122
01123
01124
01125
01126
01127
01128
01129
01130
01131
01132
01133
01135
01137
01138
01139
01140
01141
01142
01143
01145
01146
01148
01150
01151
01152
01155
01157
01158
01159
01160
01161
01164
01165
01166
01168
01169
01170
01171
01172
01173
01174
01175
01176
01177
01178
01180
01181
01182
01183
01184
01185
01186
01188
01189
01190
01191
01192
01193
01194
01195
01196
01197
01198
01199
01200
01201
01202
01203
01205
01206
01207
01208
01210
01211
01212
01213
01215
01216
01217
01218
01219
01220
01221
01222
01223
01224
01225
01226
01227
01228
01229
01230
01231
01232
01233
01234
01235
01236
01237
01238
01239
01240
01241
01243
01245
01246
01247
01249
01250
01251
01252
01253
01255
01257
01258
01259
01260
01262
01263
01265
01266
01268
01269
01270
01271
01272
01273
01275
01277
01278
01280
01281
01282
01285
01288
01289
01290
01292
01293
01296
01297
01298
01299
01300
01301
01302
01303
01305
01308
01310
01312
01313
01314
01315
01316
01317
01318
01319
01321
01322
01323
01326
01327
01328
01329
01330
01332
01333
01335
01336
01337
01338
01339
01340
01341
01345
01347
01348
01349
01353
01355
01357
01358
01359
01360
01361
01362
01363
01365
01366
01367
01368
01369
01370
01371
01372
01373
01375
01378
01380
01381
01382
01383
01385
01386
01387
01388
01389
01393
01395
01396
01397
01398
01399
01400
01415
01417
01418
01419
01420
01421
01426
01428
01430
01431
01432
01439
01443
01446
01447
01448
01450
01451
01452
01456
01458
01459
01460
01461
01462
01466
01468
01469
01470
01475
01476
01478
01480
01483
01486
01488
01492
01495
01496
01498
01499
01500
01508
01509
01513
01515
01518
01520
01522
01523
01526
01527
01528
01530
01532
01533
01536
01537
01538
01539
01540
01543
01545
01546
01547
01548
01549
01551
01552
01555
01556
01557
01558
01559
01560
01561
01563
01565
01566
01568
01569
01570
01571
01572
01573
01575
01576
01577
01578
01579
01580
01581
01583
01585
01586
01587
01588
01589
01591
01592
01595
01596
01598
01599
01600
01606
01608
01609
01610
01611
01612
01613
01615
01616
01617
01618
01619
01620
01621
01622
01623
01626
01627
01628
01629
01630
01631
01632
01633
01635
01636
01637
01638
01639
01647
01649
01651
01652
01653
01655
01656
01658
01659
01660
01661
01662
01663
01665
01666
01667
01668
01669
01671
01672
01673
01675
01676
01678
01679
01680
01681
01682
01683
01685
01686
01689
01690
01693
01695
01696
01697
01698
01699
01700
01702
01703
01705
01706
01707
01708
01709
01710
01711
01712
01713
01715
01716
01717
01718
01719
01720
01721
01722
01723
01725
01726
01727
01728
01729
01730
01731
01733
01735
01736
01737
01738
01739
01741
01742
01743
01746
01748
01749
01750
01751
01752
01755
01757
01758
01759
01760
01761
01762
01763
01765
01766
01767
01771
01772
01773
01775
01776
01777
01778
01780
01781
01782
01783
01785
01786
01787
01788
01789
01790
01793
01796
01797
01798
01799
01800
01801
01803
01806
01808
01809
01810
01811
01812
01813
01815
01816
01818
01819
01820
01822
01823
01825
01826
01827
01828
01829
01830
01831
01833
01835
01836
01837
01838
01841
01845
01848
01850
01851
01854
01856
01858
01860
01862
01863
01865
01866
01868
01869
01872
01877
01878
01881
01882
01883
01884
01885
01886
01888
01889
01890
01891
01894
01896
01897
01898
01899
01900
01902
01906
01907
01908
01910
01911
01913
01916
01917
01918
01919
01928
01929
01932
01933
01938
01939
01958
01962
01963
01966
01968
01969
01970
01972
01975
01978
01979
01980
01982
01983
01985
01986
01988
01989
01990
01991
01992
01993
01995
01996
01997
01998
01999
02000
02001
02002
02003
02005
02006
02007
02008
02009
02010
02011
02012
02013
02014
02016
02017
02018
02019
02020
02022
02023
02025
02028
02030
02031
02033
02038
02039
02048
02051
02066
02068
02078
02080
02083
02086
02088
02098
02099
02100
02108
02111
02112
02113
02116
02118
02119
02120
02121
02122
02123
02128
02133
02136
02138
02139
02166
02168
02178
02182
02183
02186
02188
02193
02196
02198
02199
02200
02202
02203
02208
02211
02212
02213
02218
02221
02222
02223
02225
02226
02227
02228
02229
02232
02233
02236
02238
02239
02255
02258
02262
02266
02268
02269
02277
02278
02280
02281
02282
02283
02286
02288
02289
02292
02293
02298
02299
02300
02302
02303
02307
02308
02309
02310
02312
02313
02314
02317
02318
02319
02320
02322
02323
02324
02326
02327
02328
02329
02330
02331
02333
02336
02337
02338
02339
02340
02341
02342
02343
02345
02348
02349
02355
02356
02357
02358
02359
02360
02362
02363
02366
02368
02369
02371
02377
02378
02379
02380
02382
02383
02386
02388
02389
02393
02398
02399
02448
02488
02552
02588
02600
02601
02607
02608
02611
02616
02623
02628
02633
02638
02660
02662
02663
02666
02668
02669
02678
02680
02682
02683
02686
02688
02689
02698
02699
02700
02708
02718
02722
02727
02728
02738
02768
02777
02778
02779
02788
02789
02798
02799
02800
02801
02802
02803
02805
02808
02810
02811
02812
02813
02819
02821
02822
02823
02824
02825
02827
02828
02832
02833
02834
02836
02838
02840
02843
02846
02847
02848
02858
02863
02866
02868
02869
02877
02878
02880
02882
02883
02885
02886
02888
02889
02892
02898
02899
02906
02915
02918
02921
02923
02924
02925
02927
02928
02930
03007
03008
03010
03012
03015
03016
03019
03020
03023
03024
03027
03036
03040
03041
03043
03046
03048
03049
03053
03055
03060
03065
03070
03073
03074
03079
03080
03081
03082
03084
03085
03086
03087
03092
03093
03095
03096
03097
03099
03100
03101
03110
03115
03116
03118
03120
03121
03122
03126
03127
03128
03129
03135
03136
03137
03140
03141
03143
03145
03146
03147
03149
03150
03155
03156
03157
03160
03161
03163
03165
03166
03167
03169
03170
03171
03173
03175
03177
03180
03181
03182
03186
03188
03197
03198
03199
03300
03301
03302
03303
03306
03308
03309
03311
03313
03315
03316
03318
03319
03320
03321
03322
03323
03326
03328
03329
03330
03331
03332
03333
03335
03336
03337
03339
03344
03358
03360
03363
03366
03368
03369
03377
03378
03380
03382
03383
03389
03393
03395
03396
03398
03399
03600
03606
03608
03613
03616
03618
03623
03626
03628
03633
03636
03638
03639
03662
03663
03666
03668
03669
03678
03683
03686
03688
03689
03690
03698
03699
03700
03708
03709
03728
03737
03738
03768
03773
03778
03788
03789
03799
03800
03808
03813
03816
03818
03822
03823
03828
03830
03833
03836
03838
03839
03848
03866
03869
03878
03882
03883
03886
03888
03889
03893
03898
03899
03900
03903
03908
03918
03919
03933
03939
03948
03958
03963
03966
03968
03969
03978
03983
03988
03989
03990
03992
03993
03996
03997
03998
03999
04332
04333
04335
04336
04337
04338
06030
06033
06036
06038
06058
06060
06066
06068
06080
06083
06088
06090
06098
06099
06100
06108
06111
06113
06116
06118
06119
06122
06123
06128
06133
06136
06138
06139
06158
06160
06161
06162
06163
06166
06168
06169
06178
06182
06183
06185
06188
06189
06190
06196
06198
06288
06806
06808
06816
06818
06819
06822
06823
06826
06828
06829
06830
06833
06836
06837
06838
06839
06858
06860
06862
06863
06865
06866
06868
06869
06877
06878
06880
06881
06882
06885
06886
06888
06889
06890
06893
06896
06898
06899
07200
07205
07210
07221
07228
07230
07231
07242
07261
07267
07288
07300
07302
07312
07321
07322
07328
07331
07336
07341
07362
07388
08001
08003
08005
08006
08007
08009
08011
08013
08015
08016
08017
08018
08019
08020
08021
08022
08023
08025
08026
08027
08028
08029
08030
08031
08032
08033
08035
08036
08037
08039
08040
08041
08042
08043
08045
08046
08047
08048
08049
08050
08051
08052
08053
08055
08056
08057
08059
08060
08062
08063
08065
08066
08067
08069
08070
08071
08072
08073
08075
08076
08078
08079
08080
08081
08082
08083
08085
08086
08087
08088
08089
08090
08091
08092
08093
08095
08096
08098
08100
08101
08103
08105
08106
08107
08108
08109
08111
08112
08113
08115
08116
08117
08118
08119
08120
08121
08123
08125
08126
08128
08130
08131
08132
08133
08135
08136
08137
08139
08140
08142
08143
08146
08147
08148
08149
08150
08151
08152
08153
08155
08156
08157
08158
08159
08160
08161
08162
08163
08165
08166
08167
08168
08169
08170
08171
08172
08173
08175
08176
08178
08179
08181
08182
08183
08186
08187
08188
08189
08190
08191
08192
08193
08195
08196
08197
08198
08199
08200
08201
08202
08203
08205
08206
08207
08210
08211
08212
08213
08215
08217
08218
08219
08220
08221
08222
08223
08225
08226
08227
08228
08229
08230
08231
08232
08235
08236
08237
08238
08239
08241
08242
08243
08245
08246
08247
08249
08250
08252
08255
08256
08257
08258
08259
08260
08262
08265
08266
08267
08268
08269
08270
08271
08272
08273
08275
08277
08278
08279
08280
08281
08282
08283
08285
08286
08287
08290
08291
08292
08293
08295
08296
08297
08299
08300
08301
08305
08306
08307
08308
08309
08310
08311
08312
08313
08315
08316
08317
08319
08320
08321
08325
08326
08328
08329
08331
08333
08337
08340
08341
08343
08345
08346
08347
08348
08349
08350
08351
08353
08355
08356
08357
08360
08362
08363
08365
08366
08367
08368
08370
08371
08372
08373
08375
08376
08377
08379
08383
08385
08391
08392
08395
08400
08401
08402
08403
08405
08406
08410
08411
08412
08413
08415
08416
08417
08419
08420
08421
08422
08423
08425
08426
08427
08428
08429
08430
08431
08432
08436
08437
08439
08442
08445
08446
08447
08448
08450
08451
08452
08455
08456
08457
08460
08462
08463
08465
08469
08470
08471
08472
08473
08475
08476
08479
08480
08481
08482
08483
08485
08487
08490
08491
08493
08495
08501
08502
08506
08507
08509
08510
08511
08512
08513
08516
08519
08521
08522
08523
08525
08526
08527
08532
08535
08536
08537
08540
08545
08547
08567
08569
08571
08601
08603
08606
08607
08609
08611
08613
08619
08621
08622
08631
08635
09010
09074
09081
09085
09086
09096
09101
09115
09126
09140
09141
09146
09155
09167
09169
09170
09181
09186
09199
09805
09810
09834
09836
09846
09847
70001
70002
70005
70006
70008
70009
70010
70011
70012
70016
70018
70019
70021
70025
70027
70028
70029
70030
70031
70034
70035
70036
70039
70040
70042
70043
70045
70046
70049
70050
70055
70058
70059
70060
70061
70062
70063
70065
70066
70068
70069
70070
70078
70088
70089
70090
70096
70099
70100
70150
70151
70155
70156
70157
70158
70166
70301
70333
70338
70400
70401
70402
70407
70409
70410
70413
70415
70417
70418
70422
70423
70425
70426
70428
70429
70488
70498
70501
70503
70506
70507
70510
70513
70514
70516
70517
70518
70519
70523
70525
70528
70531
70532
70533
70536
70537
70538
70539
70540
70541
70543
70546
70547
70550
70552
70553
70555
70558
70559
70560
70561
70563
70564
70566
70567
70568
70571
70572
70576
70581
70582
70584
70585
70587
70591
70592
70596
70597
70598
70600
70601
70603
70605
70607
70612
70615
70616
70617
70620
70623
70625
70627
70630
70631
70635
70636
70639
70650
70651
70652
70656
70657
70661
70662
70665
70666
70667
70669
70671
70673
70676
70680
70681
70683
70685
70686
70687
70688
70690
70697
70700
70701
70703
70709
70710
70712
70717
70718
70719
70720
70722
70723
70725
70726
70727
70728
70729
70732
70733
70735
70738
70739
70750
70751
70756
70758
70760
70761
70762
70766
70767
70768
70776
70777
70778
70782
70783
70786
70789
70792
70793
70795
70796
70797
70799
70800
70801
70802
70806
70807
70810
70811
70815
70816
70818
70819
70821
70822
70823
70825
70826
70828
70829
70830
70831
70836
70837
70838
70839
70848
70850
70851
70852
70856
70858
70860
70861
70863
70869
70875
70876
70877
70878
70881
70882
70883
70885
70887
70888
70889
70893
70895
70897
70898
70900
70901
70902
70903
70905
70908
70910
70915
70917
70918
70919
70920
70921
70922
70925
70926
70928
70930
70931
70932
70933
70935
70936
70937
70938
70939
70951
70957
70958
70959
70960
70961
70963
70965
70966
70967
70968
70969
70970
70971
70973
70975
70976
70977
70980
70981
70982
70983
70987
70988
70989
70990
70997
70998
70999
71696
71872
71896
71965
71979
72001
72002
72003
72004
72005
72007
72008
72010
72011
72013
72016
72018
72019
72020
72021
72022
72023
72024
72025
72027
72028
72029
72030
72031
72032
72033
72034
72035
72036
72037
72038
72040
72041
72042
72043
72044
72045
72047
72048
72049
72050
72051
72052
72055
72056
72061
72063
72064
72065
72067
72068
72070
72071
72073
72074
72075
72078
72079
72080
72081
72083
72085
72086
72089
72090
72091
72092
72093
72094
72095
72097
72099
72100
72102
72104
72106
72107
72108
72110
72111
72114
72117
72118
72120
72121
72122
72123
72124
72126
72127
72128
72129
72130
72131
72135
72137
72138
72139
72140
72142
72143
72145
72146
72147
72148
72151
72152
72153
72154
72155
72156
72157
72158
72161
72167
72168
72169
72170
72171
72172
72174
72175
72176
72177
72178
72179
72180
72181
72182
72183
72184
72185
72189
72190
72191
72192
72194
72195
72197
72202
72203
72204
72206
72210
72212
72215
72216
72217
72221
72222
72223
72224
72226
72227
72228
72229
72230
72232
72233
72235
72236
72237
72238
72239
72240
72241
72242
72244
72245
72246
72247
72249
72250
72251
72252
72253
72254
72256
72258
72259
72260
72261
72262
72263
72265
72266
72267
72268
72269
72271
72273
72274
72275
72276
72277
72278
72279
72280
72281
72282
72283
72284
72285
72287
72288
72292
72293
72294
72296
72297
72298
72299
72300
72301
72302
72303
72304
72305
72307
72308
72309
72310
72311
72312
72313
72314
72315
72317
72318
72320
72321
72322
72324
72325
72326
72327
72329
72332
72334
72335
72338
72339
72340
72341
72342
72343
72344
72345
72348
72349
72352
72353
72354
72355
72358
72359
72361
72364
72365
72366
72367
72368
72370
72371
72372
72373
72375
72376
72378
72382
72383
72384
72385
72387
72389
72390
72392
72393
72396
72399
72400
72402
72405
72407
72408
72409
72410
72411
72413
72414
72415
72416
72418
72419
72421
72422
72424
72425
72426
72427
72428
72429
72430
72431
72432
72433
72434
72436
72437
72439
72440
72441
72443
72444
72445
72446
72447
72448
72449
72450
72454
72456
72458
72460
72461
72462
72463
72464
72465
72466
72467
72468
72470
72471
72474
72475
72476
72477
72479
72480
72481
72482
72484
72488
72489
72490
72491
72493
72494
72496
72497
72498
72500
72501
72502
72503
72504
72505
72506
72507
72508
72509
72510
72511
72512
72515
72516
72517
72518
72519
72522
72527
72528
72530
72531
72533
72537
72538
72539
72540
72542
72543
72544
72545
72546
72547
72550
72551
72554
72555
72556
72557
72558
72561
72563
72564
72567
72568
72570
72572
72573
72574
72577
72581
72583
72585
72586
72588
72589
72590
72594
72595
72596
72597
72600
72601
72602
72603
72604
72605
72607
72608
72609
72610
72611
72612
72614
72616
72617
72618
72619
72620
72622
72623
72624
72625
72626
72628
72630
72631
72635
72636
72638
72639
72640
72642
72643
72646
72648
72649
72650
72651
72653
72654
72655
72656
72657
72658
72659
72662
72663
72664
72665
72668
72670
72672
72673
72675
72677
72678
72680
72681
72683
72685
72690
72695
72697
72698
72699
72701
72702
72703
72705
72707
72709
72711
72714
72716
72717
72721
72722
72727
72736
72737
72739
72741
72745
72746
72747
72751
72752
72766
72768
72769
72773
72782
72786
72791
72792
72797
72801
72802
72807
72812
72815
72818
72821
72831
72832
72833
72839
72841
72845
72850
72851
72859
72867
72879
72895
72901
72906
72907
72910
72911
72912
72913
72916
72918
72920
72925
72926
72928
72929
72930
72936
72948
77001
77002
77003
77004
77005
77006
77007
77008
77009
77010
77011
77012
77014
77015
77016
77017
77020
77021
77024
77025
77026
77027
77031
77032
77033
77034
77036
77037
77038
77039
77043
77044
77045
77047
77048
77049
77051
77052
77053
77054
77055
77056
77057
77058
77059
77064
77065
77066
77068
77070
77071
77072
77073
77074
77075
77077
77078
77079
77081
77083
77085
77088
77090
77091
77096
77097
77098
77099
77100
77101
77102
77104
77107
77109
77110
77111
77113
77115
77116
77118
77122
77124
77128
77131
77133
77134
77136
77137
77142
77143
77144
77145
77146
77147
77148
77149
77150
77151
77152
77153
77155
77156
77157
77159
77160
77166
77168
77170
77171
77175
77177
77178
77180
77181
77182
77183
77184
77185
77187
77188
77189
77191
77197
77199
77202
77203
77204
77205
77207
77212
77215
77216
77219
77221
77222
77223
77224
77226
77228
77229
77231
77232
77236
77237
77238
77244
77245
77247
77248
77251
77252
77253
77255
77256
77257
77262
77263
77266
77267
77269
77271
77272
77273
77274
77276
77284
77285
77287
77288
77289
77291
77292
77294
77295
77296
77297
77298
77299
77300
77302
77303
77304
77307
77308
77310
77311
77314
77315
77316
77317
77322
77323
77324
77326
77327
77329
77332
77333
77334
77335
77336
77337
77339
77340
77343
77347
77348
77349
77351
77352
77353
77355
77357
77359
77363
77364
77365
77367
77368
77369
77373
77376
77377
77378
77379
77383
77386
77392
77397
77398
77406
77408
77409
77413
77418
77422
77427
77429
77431
77432
77433
77438
77439
77443
77450
77451
77454
77456
77457
77458
77459
77463
77465
77467
77474
77476
77477
77481
77482
77484
77485
77487
77494
77495
77496
77498
77502
77503
77504
77506
77507
77508
77511
77512
77516
77518
77523
77527
77529
77531
77558
77567
77568
77571
77577
77595
77601
77602
77607
77613
77616
77618
77623
77624
77628
77630
77633
77634
77661
77664
77666
77672
77676
77679
77684
77685
77699
77706
77708
77725
77726
77735
77737
77741
77745
77747
77750
77760
80737
82805
82808
82811
82813
82822
82823
82828
82832
82833
82834
82836
82843
82846
82847
83008
83010
83012
83053
83074
83079
83081
83085
83093
83095
83100
83101
83115
83118
83120
83122
83126
83127
83128
83129
83136
83137
83140
83146
83147
83149
83150
83155
83156
83167
83168
83169
83170
83180
83186
83188
83197
83199
87001
90000
90004
90006
90007
90008
90009
90010
90011
90012
90015
90016
90017
90018
90019
90020
90021
90023
90025
90026
90027
90028
90029
90030
90031
90033
90036
90037
90038
90039
90048
90050
90053
90054
90056
90058
90059
90060
90061
90062
90063
90064
90066
90067
90068
90072
90073
90074
90075
90077
90078
90079
90080
90081
90082
90085
90086
90088
90089
90093
90094
90096
90097
90098
90100
90101
90104
90105
90106
90108
90109
90110
90111
90112
90113
90114
90115
90116
90118
90119
90120
90121
90122
90123
90125
90132
90135
90136
90138
90139
90141
90143
90150
90153
90155
90157
90158
90160
90161
90162
90166
90167
90168
90169
90170
90171
90172
90173
90175
90176
90177
90179
90180
90183
90185
90188
90190
90193
90195
90196
90197
90199
90200
90201
90206
90208
90210
90216
90218
90219
90221
90226
90227
90230
90231
90233
90236
90238
90239
90240
90246
90248
90251
90252
90255
90256
90257
90258
90259
90260
90261
90262
90266
90267
90268
90269
90271
90273
90276
90277
90278
90280
90282
90284
90285
90287
90289
90290
90291
90292
90295
90297
90298
90299
90300
90305
90307
90309
90310
90312
90315
90316
90317
90318
90321
90323
90325
90326
90327
90329
90332
90333
90335
90337
90338
90340
90343
90345
90346
90348
90350
90351
90352
90353
90362
90363
90366
90368
90369
90372
90373
90375
90376
90377
90378
90380
90381
90382
90383
90386
90387
90388
90389
90391
90392
90393
90395
90396
90397
90398
90399
90400
90403
90405
90406
90409
90410
90415
90416
90418
90420
90422
90425
90426
90428
90433
90435
90436
90438
90439
90446
90449
90452
90458
90459
90460
90466
90467
90468
90469
90470
90475
90477
90478
90479
90480
90481
90482
90483
90485
90486
90487
90488
90489
90490
90491
90495
90496
90497
90498
90499
90500
90501
90502
90503
90507
90508
90509
90510
90511
90513
90516
90517
90518
90519
90521
90522
90523
90525
90526
90527
90528
90531
90532
90535
90536
90537
90545
90546
90547
90548
90549
90551
90552
90557
90559
90560
90561
90562
90563
90565
90566
90567
90568
90570
90571
90572
90575
90577
90578
90580
90582
90583
90584
90585
90586
90587
90588
90589
90594
90596
90597
90598
90600
90601
90604
90606
90611
90612
90613
90614
90616
90617
90618
90620
90621
90622
90623
90624
90626
90628
90629
90633
90634
90635
90636
90637
90638
90639
90640
90641
90642
90643
90645
90648
90649
90650
90651
90654
90655
90657
90658
90660
90661
90662
90663
90664
90666
90667
90668
90673
90674
90675
90676
90677
90681
90682
90684
90685
90686
90687
90688
90690
90693
90694
90697
90699
90702
90703
90704
90705
90708
90711
90715
90716
90717
90718
90720
90723
90724
90728
90729
90730
90736
90737
90739
90741
90742
90743
90747
90748
90750
90754
90755
90756
90757
90758
90759
90760
90761
90763
90765
90770
90773
90775
90776
90777
90778
90779
90780
90781
90782
90783
90784
90785
90787
90790
90794
90795
90797
90801
90802
90803
90804
90805
90807
90808
90809
90811
90814
90816
90818
90820
90823
90824
90825
90826
90827
90828
90829
90830
90831
90833
90835
90837
90838
90839
90845
90846
90850
90856
90858
90859
90860
90862
90863
90864
90867
90869
90871
90872
90873
90874
90875
90876
90879
90880
90881
90882
90884
90885
90886
90887
90888
90891
90893
90894
90895
90897
90900
90901
90909
90917
90919
90926
90933
90958
90959
90963
90965
90967
90970
90971
90973
90975
90976
90977
90978
90979
90981
90983
90985
90986
90987
90988
90990
90993
90995
90996
90997
90998
90999
91000
91001
91002
91003
91005
91006
91009
91010
91012
91015
91016
91018
91019
91020
91021
91038
91058
91066
91068
91069
91088
91098
91099
91100
91101
91106
91107
91108
91111
91116
91117
91118
91126
91127
91128
91138
91139
91155
91158
91163
91166
91168
91169
91179
91186
91198
91199
91200
91208
91211
91212
91216
91218
91222
91225
91226
91228
91229
91231
91233
91238
91258
91288
91298
91311
91318
91319
91326
91328
91330
91333
91336
91339
91360
91368
91369
91375
91377
91388
91390
91398
91515
91555
91566
91567
91588
91595
91598
91600
91601
91607
91608
91611
91618
91619
91628
91633
91636
91666
91668
91669
91678
91688
91689
91699
91700
91717
91718
91727
91766
91777
91788
91789
91798
91799
91800
91801
91808
91811
91818
91828
91838
91857
91858
91865
91866
91869
91872
91877
91878
91880
91881
91886
91888
91890
91898
91899
91901
91908
91918
91919
91928
91929
91933
91939
91958
91965
91966
91968
91969
91985
91988
91989
91990
91991
91992
91996
91997
91998
93000
93001
93005
93006
93007
93008
93009
93019
93025
93039
93043
93056
93060
93077
93080
93098
93103
93106
93108
93111
93113
93116
93118
93126
93128
93156
93157
93160
93165
93167
93168
93169
93180
93188
93198
93225
93228
93233
93239
93258
93259
93260
93283
93288
93298
93300
93305
93306
93308
93328
93337
93338
93339
93355
93357
93358
93363
93366
93367
93368
93369
93387
93399
93421
93444
93466
93486
93508
93515
93517
93528
93533
93555
93556
93567
93568
93569
93579
93585
93587
93588
93589
93595
93596
93599
93600
93603
93609
93612
93616
93618
93619
93626
93628
93639
93650
93658
93659
93660
93666
93669
93680
93686
93698
93699
93707
93711
93713
93727
93728
93730
93733
93737
93757
93766
93773
93776
93777
93798
93799
93801
93803
93806
93816
93818
93833
93848
93858
93861
93866
93868
93871
93877
93881
93882
93883
93885
93888
93895
93897
93898
93899
93929
93939
93959
93979
93986
93989
93993
93997